Found 1 solution(s) in hls4ml_projects/pytorch_mha_Vivado//myproject_prj.
Reports for solution "solution1":

C SIMULATION RESULT:
INFO: [SIM 2] *************** CSIM start ***************
INFO: [SIM 4] CSIM will launch GCC as the compiler.
   Compiling ../../../../myproject_test.cpp in debug mode
   Compiling ../../../../firmware/myproject.cpp in debug mode
   Generating csim.exe
Processing input 0
Predictions
0.0889336 -0.0607501 -0.198992 -0.0599935 0.0465835 -0.0822725 0.00535625 -0.116085 -0.204135 -0.138318 -0.388884 -0.0978308 0.468627 -0.596543 0.0614106 -0.374767 -0.0458074 -0.117116 -0.3718 -0.131815 -0.436577 -0.262863 0.0393556 -0.329059 -0.0807446 -0.254323 -0.0310478 -0.0328459 -0.139799 -0.29252 0.100088 -0.050489 -0.040695 -0.192139 0.0597641 -0.0811953 0.0596289 -0.254486 -0.280239 -0.162191 -0.146037 -0.0767651 0.158631 -0.343494 0.0220798 -0.203507 0.019759 -0.200429 -0.27991 -0.196402 0.169703 -0.0194395 -0.15989 -0.0621531 0.0759012 -0.0544287 0.0159001 -0.148847 -0.241206 -0.0892185 0.00693431 -0.0756596 -0.176676 -0.0161504 0.00491212 -0.0760847 -0.0119443 -0.093752 -0.127228 -0.158313 -0.277711 -0.0770541 0.308515 -0.474995 0.0375261 -0.287138 -0.0106895 -0.121418 -0.352191 -0.155742 -0.0548053 0.0208136 0.168332 -0.327554 0.101786 -0.194971 0.0402155 -0.103531 -0.34677 -0.0936677 -0.0699337 -0.145028 -0.210657 -0.11581 -0.0506069 -0.0889818 -0.0129641 -0.015749 -0.180745 -0.178349 
Quantized predictions
-0.0703125 0.400391 0.40918 -0.430664 0.19043 0.208984 0.0673828 0.301758 -0.0732422 0.264648 -0.0361328 -0.158203 -0.130859 0.146484 -0.108398 -0.103516 0.0224609 -0.230469 0.226563 0.00390625 -0.0400391 0.166992 0.196289 -0.270508 0.120117 -0.0205078 0.237305 -0.0078125 0.141602 0.302734 0.00585938 0.15625 0.143555 -0.264648 0.182617 0.0605469 0.243164 0.0205078 0.0947266 0.317383 -0.03125 -0.114258 -0.078125 0.118164 -0.112305 -0.134766 0.0439453 -0.347656 0.264648 0.177734 -0.0322266 0.135742 0.175781 -0.317383 0.186523 0.0957031 0.182617 0.00683594 0.121094 0.233398 -0.0693359 0.185547 0.214844 -0.227539 0.0908203 0.12207 0.0292969 0.0839844 0.0449219 0.145508 -0.03125 -0.0273438 -0.00195313 -0.0478516 -0.0224609 -0.0498047 0.0996094 -0.015625 0.145508 0.0664063 -0.0410156 0.294922 0.316406 -0.396484 0.186523 0.0429688 0.25 0.227539 0.0439453 0.285156 -0.0585938 -0.0322266 0.0351563 -0.0761719 -0.00488281 -0.00292969 0.0332031 -0.0830078 0.166016 0.0517578 
INFO: Saved inference results to file: tb_data/csim_results.log
INFO [HLS SIM]: The maximum depth reached by any hls::stream() instance in the design is 10
INFO: [SIM 1] CSim done with 0 errors.
INFO: [SIM 3] *************** CSIM finish ***************

Synthesis report not found.
Co-simulation report not found.
